62.60250 29.74382
62.60252 29.74383
62.60251 29.74379
62.60251 29.74379
62.60251 29.74379
62.60254 29.74377
62.60257 29.74368
62.60261 29.74356
62.60264 29.74339
62.60270 29.74321
62.60276 29.74300
62.60284 29.74268
62.60286 29.74250
62.60288 29.74229
62.60293 29.74202
62.60295 29.74183
62.60297 29.74171
62.60301 29.74158
62.60306 29.74137
62.60311 29.74120
62.60315 29.74099
62.60316 29.74088
62.60320 29.74072
62.60321 29.74058
62.60322 29.74038
62.60322 29.74017
62.60323 29.73999
62.60322 29.73972
62.60323 29.73954
62.60325 29.73933
62.60325 29.73907
62.60328 29.73881
62.60331 29.73860
62.60332 29.73845
62.60334 29.73824
62.60335 29.73805
62.60337 29.73788
62.60337 29.73779
62.60338 29.73761
62.60343 29.73748
62.60348 29.73740
62.60355 29.73732
62.60362 29.73722
62.60370 29.73713
62.60386 29.73695
62.60408 29.73674
62.60428 29.73664
62.60448 29.73660
62.60462 29.73661
62.60476 29.73660
62.60483 29.73657
62.60497 29.73646
62.60510 29.73636
62.60520 29.73621
62.60528 29.73610
62.60541 29.73593
62.60552 29.73582
62.60563 29.73571
62.60574 29.73559
62.60585 29.73544
62.60589 29.73529
62.60603 29.73518
62.60618 29.73510
62.60634 29.73503
62.60644 29.73495
62.60651 29.73486
62.60659 29.73477
62.60668 29.73469
62.60677 29.73457
62.60688 29.73443
62.60697 29.73433
62.60709 29.73422
62.60718 29.73412
62.60725 29.73404
62.60736 29.73401
62.60752 29.73398
62.60765 29.73390
62.60774 29.73381
62.60781 29.73368
62.60787 29.73355
62.60799 29.73345
62.60809 29.73333
62.60819 29.73321
62.60826 29.73306
62.60835 29.73283
62.60845 29.73264
62.60855 29.73252
62.60865 29.73244
62.60874 29.73238
62.60881 29.73231
62.60888 29.73220
62.60894 29.73215
62.60901 29.73206
62.60907 29.73194
62.60915 29.73178
62.60924 29.73169
62.60935 29.73157
62.60946 29.73144
62.60955 29.73127
62.60965 29.73115
62.60985 29.73100
62.61004 29.73086
62.61015 29.73072
62.61023 29.73055
62.61031 29.73041
62.61036 29.73026
62.61040 29.73019
62.61047 29.73023
62.61053 29.73037
62.61056 29.73045
62.61059 29.73051
62.61067 29.73063
62.61072 29.73073
62.61078 29.73087
62.61083 29.73096
62.61090 29.73105
62.61097 29.73118
62.61103 29.73130
62.61110 29.73149
62.61116 29.73166
62.61123 29.73181
62.61129 29.73196
62.61137 29.73212
62.61143 29.73228
62.61146 29.73241
62.61152 29.73254
62.61159 29.73263
62.61163 29.73275
62.61167 29.73290
62.61172 29.73306
62.61177 29.73320
62.61185 29.73342
62.61193 29.73364
62.61201 29.73384
62.61205 29.73392
62.61208 29.73402
62.61210 29.73409
62.61213 29.73419
62.61215 29.73434
62.61218 29.73442
62.61220 29.73448
62.61222 29.73454
62.61226 29.73457
62.61229 29.73459
62.61232 29.73461
62.61235 29.73465
62.61239 29.73477
62.61241 29.73483
62.61242 29.73486
62.61242 29.73486