62.60353 29.73760
62.60353 29.73760
62.60357 29.73744
62.60365 29.73739
62.60379 29.73741
62.60397 29.73725
62.60413 29.73706
62.60426 29.73693
62.60440 29.73683
62.60455 29.73675
62.60469 29.73669
62.60489 29.73659
62.60505 29.73646
62.60519 29.73626
62.60529 29.73610
62.60544 29.73591
62.60556 29.73581
62.60572 29.73563
62.60586 29.73543
62.60599 29.73525
62.60616 29.73510
62.60631 29.73499
62.60649 29.73485
62.60660 29.73471
62.60672 29.73462
62.60689 29.73444
62.60701 29.73438
62.60718 29.73430
62.60731 29.73414
62.60746 29.73403
62.60766 29.73392
62.60780 29.73374
62.60793 29.73356
62.60805 29.73340
62.60815 29.73326
62.60828 29.73304
62.60837 29.73285
62.60845 29.73259
62.60840 29.73237
62.60829 29.73222
62.60820 29.73202
62.60808 29.73176
62.60798 29.73164
62.60790 29.73153
62.60781 29.73140
62.60771 29.73126
62.60763 29.73109
62.60753 29.73087
62.60744 29.73067
62.60734 29.73050
62.60725 29.73034
62.60716 29.73017
62.60706 29.73003
62.60695 29.72988
62.60685 29.72978
62.60671 29.72968
62.60657 29.72959
62.60641 29.72941
62.60629 29.72924
62.60615 29.72906
62.60603 29.72892
62.60591 29.72876
62.60579 29.72860
62.60567 29.72854
62.60554 29.72839
62.60537 29.72821
62.60526 29.72810
62.60514 29.72802
62.60505 29.72798
62.60492 29.72797
62.60480 29.72794
62.60467 29.72796
62.60457 29.72797
62.60447 29.72801
62.60440 29.72819
62.60437 29.72843
62.60437 29.72866
62.60433 29.72890
62.60428 29.72920
62.60431 29.72944
62.60432 29.72978
62.60433 29.73002
62.60431 29.73031
62.60429 29.73057
62.60432 29.73078
62.60428 29.73101
62.60414 29.73117
62.60403 29.73128
62.60393 29.73145
62.60377 29.73169
62.60359 29.73180
62.60346 29.73189
62.60334 29.73199
62.60311 29.73214
62.60296 29.73228
62.60279 29.73246
62.60262 29.73254
62.60246 29.73242
62.60232 29.73226
62.60221 29.73218
62.60207 29.73206
62.60195 29.73193
62.60177 29.73176
62.60162 29.73165
62.60148 29.73154
62.60134 29.73143
62.60131 29.73126
62.60139 29.73107
62.60144 29.73083
62.60139 29.73061